episode_reward_max,episode_reward_min,episode_reward_mean,episode_len_mean,episodes_this_iter,timesteps_this_iter,done,timesteps_total,episodes_total,training_iteration,experiment_id,date,timestamp,time_this_iter_s,time_total_s,pid,hostname,node_ip,time_since_restore,timesteps_since_restore,iterations_since_restore,sampler_perf/mean_env_wait_ms,sampler_perf/mean_processing_ms,sampler_perf/mean_inference_ms,info/num_steps_trained,info/num_steps_sampled,info/sample_time_ms,info/load_time_ms,info/grad_time_ms,info/update_time_ms,info/learner/default_policy/cur_kl_coeff,info/learner/default_policy/cur_lr,info/learner/default_policy/total_loss,info/learner/default_policy/policy_loss,info/learner/default_policy/vf_loss,info/learner/default_policy/vf_explained_var,info/learner/default_policy/kl,info/learner/default_policy/entropy,info/learner/default_policy/entropy_coeff
0.4039999999999999,-0.04100000000000003,0.15997560975609754,108.60975609756098,41,4453,False,47957,607,11,dcd87f39d0364c7e804562bcf48524f5,2020-01-05_00-59-22,1578214762,5.207969665527344,41.93436622619629,1936,Francesco-PC,132.239.10.91,5.207969665527344,4453,1,0.35855674362830237,0.3504066745627483,1.3650370177737454,47104,47957,1527.343,93.747,2813.503,713.618,0.44999998807907104,9.999999747378752e-05,10.685929,-0.045073617,10.720985,-1.0,0.022264471,1.9882171,0.0
0.45300000000000007,-25.012999999999998,-0.1253010752688172,97.13978494623656,52,4581,False,52538,659,12,dcd87f39d0364c7e804562bcf48524f5,2020-01-05_00-59-26,1578214766,4.02938175201416,45.96374797821045,1936,Francesco-PC,132.239.10.91,9.237351417541504,9034,2,0.35602961184107346,0.3471571117144332,1.3080614030165647,51584,52538,1454.098,49.568,2719.669,359.102,0.30000001192092896,9.999999747378752e-05,0.872802,-0.04577186,0.9117851,0.0047398396,0.02262947,1.9723258,0.0
0.38899999999999996,-35.013,-1.9220000000000002,77.48,64,4409,False,56947,723,13,dcd87f39d0364c7e804562bcf48524f5,2020-01-05_00-59-30,1578214770,3.9971489906311035,49.96089696884155,1936,Francesco-PC,132.239.10.91,13.234500408172607,13443,3,0.3597963014388786,0.3492605528072577,1.3018995112202025,55936,56947,1479.807,33.922,2628.596,240.998,0.44999998807907104,9.999999747378752e-05,3.909637,-0.037641075,3.9407084,0.76649225,0.014599524,1.9132795,0.0
0.3900000000000001,-21.016,-1.2515299999999998,67.18,68,4410,False,61357,791,14,dcd87f39d0364c7e804562bcf48524f5,2020-01-05_00-59-34,1578214774,3.686645984649658,53.64754295349121,1936,Francesco-PC,132.239.10.91,16.921146392822266,17853,4,0.3618854944595287,0.35011621659140296,1.2880168509054328,60288,61357,1425.957,26.026,2571.96,182.029,0.44999998807907104,9.999999747378752e-05,0.8655733,-0.029037185,0.8892827,0.74097437,0.011839336,1.8834673,0.0
0.36800000000000005,-45.940999999999995,-5.157629999999998,62.86,72,4409,False,65766,863,15,dcd87f39d0364c7e804562bcf48524f5,2020-01-05_00-59-37,1578214777,3.707897186279297,57.35544013977051,1936,Francesco-PC,132.239.10.91,20.629043579101562,22262,5,0.36244546140586037,0.34774021707559044,1.2488527314895053,64640,65766,1399.954,21.254,2536.299,146.583,0.44999998807907104,9.999999747378752e-05,6.840437,-0.037643388,6.86999,0.8199717,0.017978458,1.8888516,0.0
0.36800000000000005,-41.007999999999996,-5.741820000000001,66.59,64,4344,False,70110,927,16,dcd87f39d0364c7e804562bcf48524f5,2020-01-05_00-59-42,1578214782,4.253515720367432,61.60895586013794,1936,Francesco-PC,132.239.10.91,24.882559299468994,26606,6,0.365987939483026,0.35228363964997766,1.292114655469901,68864,70110,1458.54,18.111,2527.495,122.934,0.44999998807907104,9.999999747378752e-05,5.5405297,-0.041396506,5.5750604,0.82760406,0.015256954,1.8704777,0.0
0.369,-41.007999999999996,-6.110790000000001,67.36,60,4251,False,74361,987,17,dcd87f39d0364c7e804562bcf48524f5,2020-01-05_00-59-45,1578214785,3.4756321907043457,65.08458805084229,1936,Francesco-PC,132.239.10.91,28.35819149017334,30857,7,0.3658094081452974,0.3515339616764208,1.2927522222025671,73088,74361,1420.765,15.838,2489.73,106.031,0.44999998807907104,9.999999747378752e-05,3.5324066,-0.04096694,3.5670357,0.81320256,0.014083598,1.8880221,0.0
0.39100000000000007,-40.981,-2.3487400000000007,77.58,54,4419,False,78780,1041,18,dcd87f39d0364c7e804562bcf48524f5,2020-01-05_00-59-49,1578214789,3.582134246826172,68.66672229766846,1936,Francesco-PC,132.239.10.91,31.94032573699951,35276,8,0.362669914021319,0.34783336923684915,1.2596019059286596,77440,78780,1398.804,14.143,2468.484,93.322,0.44999998807907104,9.999999747378752e-05,0.11796465,-0.037924998,0.1515172,-1.0,0.009716558,1.8717009,0.0
0.45000000000000007,-22.948000000000004,-1.1685699999999999,76.03,62,4509,False,83289,1103,19,dcd87f39d0364c7e804562bcf48524f5,2020-01-05_00-59-52,1578214792,3.7355260848999023,72.40224838256836,1936,Francesco-PC,132.239.10.91,35.675851821899414,39785,9,0.3607116011593646,0.3455708463871694,1.234483741998006,81920,83289,1387.416,12.815,2463.223,83.415,0.44999998807907104,9.999999747378752e-05,1.5258992,-0.03419937,1.5541884,0.737389,0.013134122,1.8660132,0.0
0.36699999999999994,-35.004999999999995,-2.7361699999999995,65.23,69,4378,False,87667,1172,20,dcd87f39d0364c7e804562bcf48524f5,2020-01-05_00-59-56,1578214796,3.6798479557037354,76.0820963382721,1936,Francesco-PC,132.239.10.91,39.35569977760315,44163,10,0.3608752240813782,0.34477293053766916,1.2204526477863629,86272,87667,1376.246,11.745,2455.469,75.525,0.44999998807907104,9.999999747378752e-05,2.9945858,-0.039493985,3.0284066,0.6668249,0.012606151,1.8227266,0.0
0.30500000000000005,-33.982,-2.2899499999999997,72.0,61,4663,False,92330,1233,21,dcd87f39d0364c7e804562bcf48524f5,2020-01-05_01-00-01,1578214801,4.361488342285156,80.44358468055725,1936,Francesco-PC,132.239.10.91,43.717188119888306,48826,11,0.3598682869285898,0.34392776988777285,1.2083834396035602,90880,92330,1352.835,2.588,2476.823,6.682,0.44999998807907104,9.999999747378752e-05,2.8585024,-0.028276758,2.8777416,0.7280926,0.02008381,1.8549197,0.0
0.37,-31.982,-2.17596,79.85,61,5302,False,97632,1294,22,dcd87f39d0364c7e804562bcf48524f5,2020-01-05_01-00-06,1578214806,4.4162585735321045,84.85984325408936,1936,Francesco-PC,132.239.10.91,48.13344669342041,54128,12,0.35911321097605264,0.3434874129765356,1.197043396867204,96128,97632,1373.709,2.37,2494.941,6.682,0.675000011920929,9.999999747378752e-05,0.9213373,-0.03277654,0.9458205,0.8287202,0.0122864945,1.8403529,0.0
0.37,-37.007999999999996,-2.8623799999999995,83.41,54,4678,False,102310,1348,23,dcd87f39d0364c7e804562bcf48524f5,2020-01-05_01-00-10,1578214810,3.829072952270508,88.68891620635986,1936,Francesco-PC,132.239.10.91,51.96251964569092,58806,13,0.35906960906557317,0.3436656642645005,1.1885798653990312,100736,102310,1355.411,2.35,2496.536,6.674,0.675000011920929,9.999999747378752e-05,3.6700287,-0.040213156,3.7030346,0.71972,0.010676846,1.8683047,0.0
0.39099999999999996,-37.007999999999996,-3.21046,82.22,54,4291,False,106601,1402,24,dcd87f39d0364c7e804562bcf48524f5,2020-01-05_01-00-13,1578214813,3.526015043258667,92.21493124961853,1936,Francesco-PC,132.239.10.91,55.488534688949585,63097,14,0.3582259045497241,0.3425977622005927,1.1786714393071769,104960,106601,1353.918,2.331,2482.182,6.592,0.675000011920929,9.999999747378752e-05,0.62354255,-0.037798665,0.6543841,0.89161277,0.0103069,1.8301748,0.0
0.4590000000000001,-33.91,-1.4716699999999998,77.72,59,4423,False,111024,1461,25,dcd87f39d0364c7e804562bcf48524f5,2020-01-05_01-00-17,1578214817,3.7256219387054443,95.94055318832397,1936,Francesco-PC,132.239.10.91,59.21415662765503,67520,15,0.35704325019943556,0.34176117974027564,1.1735112231443714,109312,111024,1357.498,2.343,2480.396,6.577,0.675000011920929,9.999999747378752e-05,1.001638,-0.042197116,1.0371108,0.62955594,0.009962096,1.8025122,0.0
