episode_reward_max,episode_reward_min,episode_reward_mean,episode_len_mean,episodes_this_iter,timesteps_this_iter,done,timesteps_total,episodes_total,training_iteration,experiment_id,date,timestamp,time_this_iter_s,time_total_s,pid,hostname,node_ip,time_since_restore,timesteps_since_restore,iterations_since_restore,sampler_perf/mean_env_wait_ms,sampler_perf/mean_processing_ms,sampler_perf/mean_inference_ms,info/num_steps_trained,info/num_steps_sampled,info/sample_time_ms,info/load_time_ms,info/grad_time_ms,info/update_time_ms,info/learner/default_policy/cur_kl_coeff,info/learner/default_policy/cur_lr,info/learner/default_policy/total_loss,info/learner/default_policy/policy_loss,info/learner/default_policy/vf_loss,info/learner/default_policy/vf_explained_var,info/learner/default_policy/kl,info/learner/default_policy/entropy,info/learner/default_policy/entropy_coeff
0.40199999999999997,-0.40400000000000025,0.14079999999999993,232.2,25,5805,False,93472,1197,21,dcd87f39d0364c7e804562bcf48524f5,2020-01-05_01-01-32,1578214892,5.925783157348633,82.00787949562073,2155,Francesco-PC,132.239.10.91,5.925783157348633,5805,1,0.3173406504743426,0.3226065404801488,1.1356094236721281,92032,93472,1645.447,74.002,3450.145,698.44,0.44999998807907104,9.999999747378752e-05,3.2267666,-0.033021275,3.250057,-1.0,0.021624958,1.8602178,0.0
0.41200000000000003,-0.40400000000000025,0.16501515151515145,159.07575757575756,41,4694,False,98166,1238,22,dcd87f39d0364c7e804562bcf48524f5,2020-01-05_01-01-36,1578214896,3.6960837841033936,85.70396327972412,2155,Francesco-PC,132.239.10.91,9.621866941452026,10499,2,0.3166883160713871,0.32083965987190183,1.0961151259405675,96640,98166,1444.066,38.487,2942.46,351.55,0.30000001192092896,9.999999747378752e-05,-0.016698604,-0.04567806,0.023028329,-0.95626575,0.019837085,1.8109474,0.0
0.41200000000000003,-36.0,-1.8139699999999999,89.44,61,4471,False,102637,1299,23,dcd87f39d0364c7e804562bcf48524f5,2020-01-05_01-01-39,1578214899,3.5659866333007812,89.2699499130249,2155,Francesco-PC,132.239.10.91,13.187853574752808,14970,3,0.32041419382430286,0.32084161190739846,1.0700150391069496,100992,102637,1383.648,26.409,2723.415,235.939,0.30000001192092896,9.999999747378752e-05,1.4887165,-0.03183261,1.5154059,0.8725623,0.017144006,1.7711226,0.0
0.35100000000000003,-36.0,-1.7192399999999999,75.41,62,4474,False,107111,1361,24,dcd87f39d0364c7e804562bcf48524f5,2020-01-05_01-01-43,1578214903,3.5143227577209473,92.78427267074585,2155,Francesco-PC,132.239.10.91,16.702176332473755,19444,4,0.3236575142873452,0.3223446258774775,1.065853813089384,105344,107111,1339.726,20.357,2614.937,177.959,0.30000001192092896,9.999999747378752e-05,0.1556837,-0.03831565,0.18933403,0.9006185,0.015551059,1.7584963,0.0
0.35600000000000004,-40.0,-3.21011,66.3,72,4423,False,111534,1433,25,dcd87f39d0364c7e804562bcf48524f5,2020-01-05_01-01-46,1578214906,3.5030956268310547,96.2873682975769,2155,Francesco-PC,132.239.10.91,20.20527195930481,23867,5,0.3275652257152062,0.32409497084084854,1.0608552234750814,109696,111534,1310.702,16.713,2550.193,143.193,0.30000001192092896,9.999999747378752e-05,3.6229446,-0.044886075,3.6615405,0.75655955,0.020967279,1.7769712,0.0
0.351,-40.0,-5.9218600000000015,64.53,69,4573,False,116107,1502,26,dcd87f39d0364c7e804562bcf48524f5,2020-01-05_01-01-50,1578214910,3.9937167167663574,100.28108501434326,2155,Francesco-PC,132.239.10.91,24.198988676071167,28440,6,0.33391780743542926,0.3271258605470925,1.073819819577666,114176,116107,1324.652,14.328,2555.399,120.01,0.44999998807907104,9.999999747378752e-05,3.7738743,-0.035196126,3.8013546,0.8527711,0.017147444,1.7743651,0.0
0.398,-39.004999999999995,-6.016950000000001,92.71,58,6719,False,122826,1560,27,dcd87f39d0364c7e804562bcf48524f5,2020-01-05_01-01-56,1578214916,5.9411301612854,106.22221517562866,2155,Francesco-PC,132.239.10.91,30.140118837356567,35159,7,0.3343477032462121,0.3270111202979318,1.0755999898635449,120832,122826,1474.507,12.905,2696.829,103.564,0.44999998807907104,9.999999747378752e-05,2.3221173,-0.039258175,2.3551779,0.8622314,0.013773231,1.7528163,0.0
0.398,-36.007999999999996,-3.2574799999999993,110.67,46,4551,False,127377,1606,28,dcd87f39d0364c7e804562bcf48524f5,2020-01-05_01-02-00,1578214920,3.879974603652954,110.10218977928162,2155,Francesco-PC,132.239.10.91,34.02009344100952,39710,8,0.3345006030496225,0.32643158618510854,1.0695909542390896,125312,127377,1445.005,11.588,2687.725,91.163,0.44999998807907104,9.999999747378752e-05,0.24592857,-0.047542073,0.28811184,0.74178183,0.011908407,1.7353835,0.0
0.532,-33.0,-1.42883,86.44,59,4503,False,131880,1665,29,dcd87f39d0364c7e804562bcf48524f5,2020-01-05_01-02-04,1578214924,3.6530628204345703,113.75525259971619,2155,Francesco-PC,132.239.10.91,37.67315626144409,44213,9,0.334705263183411,0.3269919945145925,1.067395461051364,129792,131880,1420.507,10.546,2656.682,81.586,0.44999998807907104,9.999999747378752e-05,0.753067,-0.040363688,0.788902,0.63135755,0.010063657,1.7402081,0.0
0.532,-38.0,-1.75997,73.92,61,4277,False,136157,1726,30,dcd87f39d0364c7e804562bcf48524f5,2020-01-05_01-02-08,1578214928,3.688795566558838,117.44404816627502,2155,Francesco-PC,132.239.10.91,41.36195182800293,48490,10,0.33574102990769233,0.327495113309858,1.0715199775263582,134016,136157,1414.326,9.707,2622.288,73.861,0.44999998807907104,9.999999747378752e-05,1.687481,-0.04038718,1.7220097,0.7868945,0.013019192,1.7455068,0.0
0.45400000000000007,-34.0,-2.77585,72.36,69,4850,False,141007,1795,31,dcd87f39d0364c7e804562bcf48524f5,2020-01-05_01-02-13,1578214933,3.9319143295288086,121.37596249580383,2155,Francesco-PC,132.239.10.91,45.29386615753174,53340,11,0.33742435045478303,0.3283930743896902,1.0753278441021556,138752,141007,1377.786,2.585,2539.936,4.922,0.44999998807907104,9.999999747378752e-05,1.7323724,-0.050812487,1.7738563,0.8097946,0.020730143,1.7684804,0.0
0.3790000000000001,-41.0,-4.309569999999999,75.9,57,4766,False,145773,1852,32,dcd87f39d0364c7e804562bcf48524f5,2020-01-05_01-02-16,1578214936,3.8692193031311035,125.24518179893494,2155,Francesco-PC,132.239.10.91,49.16308546066284,58106,12,0.33737007196935026,0.3277948490186231,1.0701559240986105,143488,145773,1390.085,2.56,2544.958,4.915,0.675000011920929,9.999999747378752e-05,2.457491,-0.036769893,2.48512,0.8715699,0.0135426745,1.8010299,0.0
0.33899999999999997,-41.0,-4.19417,82.04,49,4445,False,150218,1901,33,dcd87f39d0364c7e804562bcf48524f5,2020-01-05_01-02-20,1578214940,3.516352653503418,128.76153445243835,2155,Francesco-PC,132.239.10.91,52.67943811416626,62551,13,0.3380674048420003,0.3278971360037409,1.0678929780346287,147840,150218,1384.653,2.558,2545.47,4.872,0.675000011920929,9.999999747378752e-05,0.8351714,-0.035621226,0.8635457,0.9084666,0.010736256,1.8044182,0.0
0.42,-37.0,-2.7612600000000005,99.07,50,4768,False,154986,1951,34,dcd87f39d0364c7e804562bcf48524f5,2020-01-05_01-02-24,1578214944,3.8360402584075928,132.59757471084595,2155,Francesco-PC,132.239.10.91,56.51547837257385,67319,14,0.33747729157178413,0.3275291890427619,1.0622191197157993,152576,154986,1394.277,2.597,2567.963,4.88,0.675000011920929,9.999999747378752e-05,1.7403715,-0.037218485,1.7709537,0.8405486,0.00983178,1.7882315,0.0
0.42,-37.0,-3.0340100000000003,85.07,57,4200,False,159186,2008,35,dcd87f39d0364c7e804562bcf48524f5,2020-01-05_01-02-27,1578214947,3.3817481994628906,135.97932291030884,2155,Francesco-PC,132.239.10.91,59.89722657203674,71519,15,0.336966004718448,0.3269915890660407,1.0578812201580106,156672,159186,1394.965,2.592,2555.175,4.888,0.675000011920929,9.999999747378752e-05,1.5288211,-0.0478061,1.5686164,0.83996594,0.011867696,1.7587821,0.0
